18:24 - Otro
ARTÍCULO 53 En votación el artículo 53 en su texto original, en aquellas partes que no fueron objeto de indicaciones y en que las indicaciones han sido rechazadas o retiradas.
APROBADO

A Favor : 149
Abarca, Damaris
Abarca, Jorge
Achurra, Ignacio
Aguilera, Tiare
Alvarado, Gloria
Alvarez, Julio
Alvarez, Rodrigo
Alvez, Amaya
Ampuero, Adriana
Andrade, Cristóbal
Antilef, Victorino
Arancibia, Jorge
Arauna, Francisca
Arellano, Marco
Arrau, Martín
Atria, Fernando
Bacian, Wilfredo
Baradit, Jorge
Baranda, Benito
Barceló, Luis
Barraza, Marcos
Bassa, Jaime
Botto, Miguel Ángel
Bown, Carol
Bravo, Daniel
Caamaño, Francisco
Caiguan, Alexis
Calvo, Carlos
Cancino, Adriana
Cantuarias, Rocío
Carrillo, Alondra
Castillo, Eduardo
Castillo, María Trinidad
Castro, Claudia
Catrileo, Rosa
Celedón, Roberto
Celis, Raúl
Céspedes, Lorena
Chahín, Fuad
Cozzi, Ruggero
Cretton, Eduardo
Cruz, Andrés
Cubillos, Marcela
Daza, Mauricio
De la Maza, Bernardo
Delgado, Aurora
Domínguez, Gaspar
Dorador, Cristina
Fernández, Patricio
Flores, Alejandra
Fontaine, Bernardo
Fuchslocher, Javier
Gallardo, Bessy
Galleguillos, Félix
Garín, Renato
Giustinianovich, Elisa
Godoy, Isabel
Gómez, Claudio
Gómez, Yarela
González, Dayyana
González, Lidia
Grandón, Giovanna
Grandón, Paola
Gutiérrez, Hugo
Harboe, Felipe
Henríquez, Natalia
Hoppe, Vanessa
Hube, Constanza
Hurtado, Maximiliano
Hurtado, Ruth
Jiménez, Luis
Jofré, Alvaro
Jurgensen, Harry
Labbé, Bastián
Labra, Patricia
Labraña, Elsa
Laibe, Tomás
Larraín, Hernán
Letelier, Margarita
Linconao, Francisca
Llanquileo, Natividad
Logan, Rodrigo
Loncon, Elisa
Madriaga, Tania
Mamani, Isabella
Marinovic, Teresa
Martin, Juan José
Martínez, Helmuth
Mayol, Luis
Mella, Jeniffer
Mena, Felipe
Meneses, Janis
Millabur, Adolfo
Miranda, Valentina
Monckeberg, Cristian
Montealegre, Katerine
Montero, Ricardo
Moreno, Alfredo
Muñoz, Pedro
Namor, Guillermo
Navarrete, Geoconda
Neumann, Ricardo
Núñez, Nicolás
Olivares, Ivanna
Orellana, Matías
Ossandón, Manuel
Oyarzún, María José
Pérez, Alejandra
Pinto, Malucha
Politzer, Patricia
Portilla, Ericka
Pustilnick, Tammy
Quinteros, María Elisa
Rebolledo, Bárbara
Reyes, María Ramona
Rivera, Pollyana
Roa, Giovanna
Royo, Manuela
Salinas, Fernando
San Juan, Constanza
Sánchez, Beatriz
Schonhaut, Constanza
Sepúlveda, Bárbara
Sepúlveda, Carolina
Serey, Mariela
Silva, Luciano
Squella, Agustín
Stingo, Daniel
Tepper, María Angélica
Tirado, Fernando
Toloza, Pablo
Ubilla, María Cecilia
Uribe, César
Urrutia, Tatiana
Valenzuela, Paulina
Vallejos, Loreto
Vargas, Mario
Vega, Roberto
Velásquez, Hernán
Veloso, Paulina
Vergara, Lisette
Vidal, Loreto
Videla, Carolina
Viera, Christian
Vilches, Carolina
Villena, Ingrid
Woldarsky, Manuel
Zárate, Camila
Zúñiga, Luis Arturo
En Contra : 0
Abstención : 2
Chinga, Eric
Rivera, María Magdalena
Dispensados : 0
